G2 50 5.451771359009149 0.16687194448271522
G2 72 4.8439158741942965 0.16153212015446416
G2 98 4.404608885725515 0.15505254250455555
G2 128 3.7343506846139722 0.09041800925575265
G2 162 3.4797865864115964 0.07682958666300767
G2 200 3.061400810606621 0.07604665915872243
G2 242 2.879991619167134 0.08039002407176511
G2 288 2.6280149017955394 0.06170243294085368
G2 338 2.5024256326450662 0.04606182739627994
G2 392 2.2953941663556114 0.03655215382426463
G2 450 2.208787764379384 0.03125751573900599
G2 512 2.0453738266693637 0.045062747719344765
G2 648 1.834464939600674 0.026170822556360468
G2 722 1.7479063121079759 0.032801333866178464
