G1 72 3.825903465346535 0.014492852276826073
G1 127 3.8629801980198017 0.030185030782415672
G1 162 3.872405940594059 0.04728282766932474
G1 199 3.8943636363636362 0.05286716632741415
G1 200 3.859036303630363 0.05242694698718943
G1 241 3.8452648514851484 0.02040232196749264
G1 288 3.8482970297029704 0.035125190830559476
G1 338 3.8624323432343233 0.03746744118734069
G1 392 3.8647260726072608 0.05982497274822475
G1 449 3.853009900990099 0.04101959125414122
G1 512 3.8140247524752477 0.04036089527233307
G1 648 3.7977846534653463 0.07631673363934273
G1 722 3.8149925742574258 0.05312014047773334
G1 800 3.797108910891089 0.02109734627392697
G1 882 3.7727821782178217 0.034947275705094975
