G2 50 3.4309400766083935 0.780149936757616
G2 72 1.9681823274300674 0.23621818530068958
G2 98 2.384425295374008 0.4854119139767908
G2 128 2.3375955705579137 0.20565177964071438
G2 162 2.170881264263799 0.14082456458778844
G2 200 2.4636448780452644 0.07252450087382807
G2 242 2.6136228936076664 0.17933841392854782
G2 288 2.2502642057657316 0.20344347162006757
G2 338 2.4670269818136883 0.1369106914377844
G2 392 2.4385715516563207 0.21528152295457703
G2 450 2.4338353696597443 0.11811833724714312
G2 512 2.6785835210181386 0.37661725207235064
G2 648 2.6350906155639273 0.2504444311482735
G2 722 3.089439079241628 0.18717939654978763
