G1 72 1.6225408699845831 0.33592865953279266
G1 98 1.4848804164062308 0.2306132446887695
G1 128 1.5506017251748665 0.1400999579673814
G1 162 1.677598960201258 0.2052499741010966
G1 200 1.5531044812942154 0.10877675007235234
G1 242 1.5989897771128 0.08077063709800797
G1 288 1.5607837609733737 0.12360442590136982
G1 338 1.787385007874674 0.08830177044853074
G1 392 1.8105570378120561 0.1068713473742165
G1 450 1.512733224937608 0.1507424347019707
G1 512 1.7594351199461111 0.1327364990790016
G1 648 1.7121369322078872 0.07079174588283042
G1 722 1.666187180317418 0.08613186476593608
G1 800 1.7272502417635547 0.03683011475938491
G1 882 1.7340276991657027 0.05088939500152281
G1 968 1.9180498900829182 0.052882235387383424
G1 1058 1.2695332585792796 0.0719455423637927
G1 1152 1.7232554707125023 0.06405731049990923
G1 1458 1.8339373717177059 0.043769144268586115
G1 1682 1.9001137297259614 0.03128053201375228
G1 1922 1.8097327281879454 0.13136402883553666
G1 2178 1.8213420918890033 0.15061392503796592
