G2 50 1686.8936628323206 26.6092510891044
G2 72 1686.5168157285248 14.425960886146202
G2 98 1671.9995994422147 15.145396952869046
G2 128 1697.6692983675232 13.215154465825469
G2 162 1682.4179285630105 14.969282599833187
G2 200 1696.9718349046607 9.507505253905665
G2 242 1682.5353046585167 12.706615303480175
G2 288 1681.5811303955804 26.82421496674544
G2 338 1693.1395487578707 15.441777275255863
G2 392 1667.3435862729825 12.814050798884352
G2 450 1684.585696420982 16.81603568834616
G2 512 1685.853362145118 28.323821631409082
G2 648 1687.0233469356356 32.09810731137945
G2 722 1675.5930184846688 20.850682444317407
