G1 72 1690.422828989648 23.43516165919353
G1 98 1694.5113016721573 23.799322570267226
G1 128 1688.1790521719975 14.860927217383466
G1 162 1690.163404177019 12.267694991214817
G1 200 1683.326316979193 15.188870515424647
G1 242 1690.9458259750538 17.79055030113657
G1 288 1667.3321278289618 7.024402118857185
G1 338 1688.6311396616486 16.802542934288525
G1 392 1689.5355317870265 17.171131603343543
G1 450 1701.2142030238597 29.462426462936925
G1 512 1698.3279103766113 14.163795677533061
G1 648 1669.334642185087 8.228845730441918
G1 722 1693.0234672747038 20.191211366368506
G1 800 1658.8201160787091 7.372209339060203
G1 882 1665.004076482273 7.794962506622454
G1 968 1687.814645221445 22.42105273340169
G1 1058 1657.3780672022542 9.177687476509716
G1 1152 1667.5002722968004 10.654045954183928
G1 1458 1714.3400697386367 11.851707602059811
G1 1682 1688.466948067261 13.758756709799048
G1 1922 1685.1695334694912 17.819726429875328
G1 2178 1673.798471669664 19.836895048640656
