G1 72 0.010237479402178687 0.01098957969010369
G1 127 0.023526375615546914 0.011836288900820864
G1 162 0.0386239060857421 0.01328506897101793
G1 199 0.0573088354758776 0.01454012130849608
G1 200 0.05106114072535737 0.01342465851325815
G1 241 0.07871496373183931 0.01526903622623377
G1 288 0.10119817737568833 0.014383301710567408
G1 338 0.13726613967669452 0.014456457679855714
G1 392 0.17094749608140727 0.013534851917536648
G1 449 0.21955663027008984 0.012556284887453126
G1 512 0.25595476349631435 0.013774540055425374
G1 648 0.34351226558200854 0.014809155557783626
G1 722 0.399788961776617 0.012605935183634108
G1 800 0.44244876567585095 0.01092153615646838
G1 882 0.4989695760665511 0.010615075602619439
