G2 50 34.118811881188115 1.7956189992094498
G2 72 45.43069306930693 2.6197961477133327
G2 98 60.45874587458746 4.019503084272726
G2 128 86.8976897689769 2.5810237090894255
G2 162 101.52805280528052 3.8375590472214207
G2 200 138.3118811881188 1.4985091847760836
G2 242 162.24092409240924 4.730978834515068
G2 288 190.9141914191419 6.994266567994427
G2 338 226.57095709570956 5.02781153346403
G2 392 264.7722772277228 7.534175783633059
G2 450 299.970297029703 4.521740226914095
G2 512 351.16501650165014 16.06029091541639
G2 648 445.8283828382838 15.713397066711206
G2 722 510.013201320132 8.74168425940471
