G1 72 0.7941879198752949 0.0010290345850250805
G1 127 0.7950470358040533 0.0013015548977965339
G1 162 0.7950614533494841 0.002171014878148719
G1 199 0.7953059826437684 0.001951072051078054
G1 200 0.7934527911170057 0.0018138414474187254
G1 241 0.7924533086683425 0.0019112657066485846
G1 288 0.7948340620587508 0.0014525955425979287
G1 338 0.7935583561761709 0.0015677105752701038
G1 392 0.7943094713640023 0.0016831209385702937
G1 449 0.7933558602338596 0.001776474131150732
G1 512 0.7923900090692142 0.0017721100677989278
G1 648 0.7915847005596017 0.002648091334765307
G1 722 0.7922613523204113 0.002043233625078584
G1 800 0.791154714340728 0.0010231711262070273
G1 882 0.7898006943434087 0.0014400128511658796
