G1 72 0.20875247524752474 0.013567700618064232
G1 127 0.35598019801980196 0.015377777268109622
G1 162 0.4537722772277228 0.01490758364373904
G1 199 0.5421181818181818 0.011459508589363631
G1 200 0.5322343234323432 0.013876508692668137
G1 241 0.6470272277227723 0.016656111665661402
G1 288 0.7106237623762376 0.016576044802495596
G1 338 0.7916699669966997 0.015742863062865205
G1 392 0.8372970297029703 0.010830308729422795
G1 449 0.8889752475247525 0.011328842299585367
G1 512 0.9192673267326733 0.009415041119799844
G1 648 0.9610742574257426 0.00878270524143246
G1 722 0.9767178217821781 0.00509264825128693
G1 800 0.9871089108910891 0.003273838695168138
G1 882 0.993029702970297 0.00226475360931186
