G2 50 0.11913531353135313 0.011055766549216594
G2 72 0.1534158415841584 0.011397186810729223
G2 98 0.2049009900990099 0.016370000597014628
G2 128 0.2796633663366337 0.017747834805572273
G2 162 0.3163168316831683 0.016810945677275
G2 200 0.41616336633663364 0.014655175662066462
G2 242 0.46272607260726073 0.017325885395072523
G2 288 0.5276534653465347 0.019243525948529877
G2 338 0.5888613861386138 0.01639921842526878
G2 392 0.6566237623762377 0.023029227151318724
G2 450 0.7005016501650165 0.018685064082964612
G2 512 0.7537425742574257 0.026855877351487593
G2 648 0.8298547854785479 0.015657722483841008
G2 722 0.8714884488448845 0.015601166280371651
