G1 72 27.98267326732673 1.918228292930672
G1 127 47.62128712871287 2.723419673197646
G1 162 59.80858085808581 2.377389136257522
G1 199 73.15757575757576 1.0102906088369503
G1 200 72.5016501650165 1.9117527540040384
G1 241 84.98267326732673 1.9993042914485735
G1 288 97.43564356435644 1.327866198359183
G1 338 108.55115511551155 2.1383885556494064
G1 392 130.88778877887788 1.5029604543777386
G1 449 142.85643564356437 1.523998135410003
G1 512 161.21534653465346 4.283462587750468
G1 648 192.86138613861385 3.8502481708427387
G1 722 212.51237623762376 3.7776074323154023
G1 800 245.03960396039605 0.1959995958775385
G1 882 249.20792079207922 0.6374453966132051
