G1 72 40.757425742574256 2.232307179101186
G1 127 73.53217821782178 2.6399214605808874
G1 162 96.31353135313532 2.3956462451624083
G1 199 121.28484848484848 1.8980266847761433
G1 200 115.9042904290429 2.5697066228058407
G1 241 151.4381188118812 2.7705706923005615
G1 288 180.75907590759076 5.149877045164445
G1 338 216.96369636963698 2.701851621693728
G1 392 249.65676567656766 3.7866546902145646
G1 449 293.0742574257426 1.3231316285754127
G1 512 327.34158415841586 4.2621484191362855
G1 648 416.519801980198 8.9029564866884
G1 722 479.8589108910891 6.5483424532732055
G1 800 531.6237623762377 1.455001616140098
G1 882 591.2970297029703 3.576435528442937
