G1 72 0.4622928389514505 0.08837502983832254
G1 127 0.5583904591245249 0.10887302622302457
G1 162 0.4689299830229438 0.04864109052199118
G1 199 0.48870673343117804 0.0678174266122858
G1 200 0.5230333033516367 0.07325100262086338
G1 241 0.5290982131953663 0.0376480224934163
G1 288 0.586411250012545 0.06074741487406637
G1 338 0.5997138546419991 0.03140693115802905
G1 392 0.6151471051305789 0.03386574579537452
G1 449 0.6414952643453965 0.03218833544738722
G1 512 0.7085161301683761 0.03165543548414629
G1 648 0.8164291855033285 0.040390848964904275
G1 722 0.8144183769244255 0.030899568590236973
G1 800 0.866406718693468 0.020676191418391276
G1 882 0.8991158469857015 0.02200632686681986
