G2 50 1.1163531906153625 0.1516547046189002 1.3675081339404642 0.024446333891184193
G2 72 1.0991079409596367 0.08679398863553321 1.3644727910648213 0.01949239375699194
G2 98 1.1486057415170865 0.10657527979899052 1.3652427248858743 0.025307007284595992
G2 128 1.074063903740913 0.07305721080896116 1.3636670366122325 0.014218999920323473
G2 162 1.1867531316179973 0.10775038767828958 1.3697298160244276 0.034683923831404145
G2 200 1.0572039442946526 0.046886783922494485 1.3620635266296819 0.01070781414407466
G2 242 1.1777002056009624 0.06770398530596557 1.364254397515334 0.016161773282269223
G2 288 1.08470648570705 0.03922684337878282 1.3610598521391144 0.009851653692332667
G2 338 1.1573511526631366 0.07592110788342239 1.3621780480670147 0.008893288820540121
G2 392 1.0877767995391403 0.02741889436239749 1.3611445825407527 0.014234911879960559
G2 450 1.0784976118605374 0.04878382596454291 1.3599579488774358 0.01087478196551734
G2 512 1.1530773278937272 0.060997560623925265 1.3590926674421604 0.008765705563613524
G2 648 1.1006178162424776 0.0534445383776487 1.3645040005163853 0.027502259113246767
G2 722 1.1456891033212522 0.03212854507467374 1.3643879190015833 0.030719099987294808
