G2 50 1.1163531906153625 0.1516547046189002
G2 72 1.0991079409596367 0.08679398863553321
G2 98 1.1486057415170865 0.10657527979899052
G2 128 1.074063903740913 0.07305721080896116
G2 162 1.1867531316179973 0.10775038767828958
G2 200 1.0572039442946526 0.046886783922494485
G2 242 1.1777002056009624 0.06770398530596557
G2 288 1.08470648570705 0.03922684337878282
G2 338 1.1573511526631366 0.07592110788342239
G2 392 1.0877767995391403 0.02741889436239749
G2 450 1.0784976118605374 0.04878382596454291
G2 512 1.1530773278937272 0.060997560623925265
G2 648 1.1006178162424776 0.0534445383776487
G2 722 1.1456891033212522 0.03212854507467374
