G1 72 0.16776237623762377 0.014570551254884682
G1 98 0.2170891089108911 0.015635393926699322
G1 128 0.28896699669966996 0.012574239140279721
G1 162 0.35284818481848185 0.019083904707361023
G1 200 0.41366996699669967 0.016780132203110733
G1 242 0.48518316831683167 0.022199482622750406
G1 288 0.553970297029703 0.013737739315599694
G1 338 0.6315940594059406 0.01654734093130831
G1 392 0.6940445544554456 0.02095726509466974
G1 450 0.7194059405940594 0.01836375308101081
G1 512 0.7785544554455446 0.01263177329072029
G1 648 0.8700792079207921 0.012935494896802784
G1 722 0.8780841584158416 0.01658320935080993
G1 800 0.9238415841584159 0.010246689878460573
G1 882 0.9515445544554455 0.007945470096193473
G1 968 0.9624752475247524 0.009375066996460285
G1 1058 0.9042475247524753 0.019603268064582534
G1 1152 0.9763168316831683 0.008220621257629271
G1 1458 0.9837920792079208 0.004506255278350684
G1 1682 0.990970297029703 0.003112733350431917
G1 1922 0.9863960396039604 0.01098824754719405
G1 2178 0.9888712871287129 0.014004044677404199
