G2 50 10.875498349834983 0.0545565430356105
G2 72 10.877118811881187 0.03880600741530454
G2 98 10.850227722772278 0.036112374607105986
G2 128 10.91453795379538 0.047683049646742956
G2 162 10.872145214521453 0.050441481751907276
G2 200 10.915336633663367 0.030267226821385076
G2 242 10.880079207920792 0.032818591232659
G2 288 10.884211221122111 0.07553549408752788
G2 338 10.912861386138614 0.04348594117863221
G2 392 10.836519801980199 0.03312530264891903
G2 450 10.89442904290429 0.04415183856965572
G2 512 10.904689768976898 0.08008912333417392
G2 648 10.901468646864686 0.09198418832137997
G2 722 10.866600660066007 0.03918265428622549
