G2 50 10.389438943894389 1.9983819652097798
G2 72 23.252475247524753 1.4422959901715264
G2 98 26.066006600660067 3.5466054416718933
G2 128 37.37623762376238 2.319731737524073
G2 162 46.86138613861386 1.5844632845453146
G2 200 56.17326732673267 1.1128727640109606
G2 242 62.254125412541256 2.7133666822660616
G2 288 85.31683168316832 5.454078053344395
G2 338 92.01980198019803 3.3275297542312194
G2 392 109.22772277227723 7.442490874050476
G2 450 123.45874587458746 4.385117185047301
G2 512 132.92739273927393 13.190454435416347
G2 648 170.21782178217822 10.99633047799939
G2 722 165.55775577557756 7.992699333072567
