G1 72 26.323432343234323 3.3515359878753057
G1 98 38.37953795379538 3.162986022812681
G1 128 48.93729372937294 2.575874172234683
G1 162 58.57425742574257 4.806204326308629
G1 200 75.05940594059406 3.1512273930979577
G1 242 89.33168316831683 3.653375204749775
G1 288 108.35148514851485 5.678818352691246
G1 338 119.39603960396039 3.4078609970974685
G1 392 135.52970297029702 5.263372820129002
G1 450 174.78217821782178 8.74583506891466
G1 512 179.28217821782178 10.429320475468222
G1 648 228.84158415841586 5.933684387737532
G1 722 260.91584158415844 8.362903548162809
G1 800 277.44554455445547 3.863871756476274
G1 882 308.51485148514854 5.776874347579561
G1 968 317.3267326732673 7.51013836209572
G1 1058 441.2772277227723 14.326980709054638
G1 1152 403.18811881188117 10.070464608236433
G1 1458 496.26732673267327 7.41470308118796
G1 1682 555.049504950495 6.591473640429372
G1 1922 653.2871287128713 31.734944976685675
G1 2178 740.1584158415842 40.90519103323375
