G1 72 0.8946977896253093 0.030827935701932152
G1 127 0.8751913601865369 0.027198907976651608
G1 162 0.8767529111097123 0.023059920179994517
G1 199 0.8612185677843639 0.020929945317564223
G1 200 0.8631384164847992 0.0216760176335916
G1 241 0.8517866331607973 0.019215909906277192
G1 288 0.8291294292246497 0.019277287989835717
G1 338 0.817444353897743 0.017248669606343164
G1 392 0.7977208963928547 0.0171055721965366
G1 449 0.7725952636242779 0.015598674017053556
G1 512 0.7493388727310951 0.01550611794107798
G1 648 0.6996315464230928 0.015124399504452806
G1 722 0.6714084151251561 0.01470898953553362
G1 800 0.6498027314947695 0.012274547533786052
G1 882 0.6173376837408688 0.013183704804160756
