G1 72 0.12127392739273928 0.011602732041028217
G1 98 0.15922772277227723 0.013029422528246562
G1 128 0.2124158415841584 0.011248193962522603
G1 162 0.26153135313531356 0.016037358305157217
G1 200 0.3106468646864686 0.01432397315777561
G1 242 0.36935148514851485 0.018142888435098616
G1 288 0.4262079207920792 0.013153753475006942
G1 338 0.49985643564356436 0.015806799442809136
G1 392 0.5561039603960396 0.019734155661190935
G1 450 0.576990099009901 0.018743088968197038
G1 512 0.6423910891089109 0.014252538215142944
G1 648 0.7451188118811881 0.0158988013120004
G1 722 0.7623514851485149 0.017880204534659872
G1 800 0.8182970297029702 0.01362390880361096
G1 882 0.8592376237623762 0.011898864243995305
G1 968 0.884960396039604 0.013455051684835123
G1 1058 0.8223564356435643 0.019818468234662236
G1 1152 0.9148415841584159 0.011949671688600767
G1 1458 0.9502376237623762 0.007755189894324285
G1 1682 0.9721782178217822 0.005570271159654552
G1 1922 0.9657623762376237 0.016046899086646912
G1 2178 0.9752574257425742 0.020608082620829398
