G1 72 7.049610561056106 0.026865254044020074
G1 98 7.039452145214521 0.04339702190569624
G1 128 7.015633663366336 0.01837237494279442
G1 162 7.004095709570957 0.035342891059146286
G1 200 7.02696699669967 0.01171963738999505
G1 242 7.03019801980198 0.02863182649773883
G1 288 7.0311782178217825 0.009770394961492698
G1 338 7.053331683168317 0.01701927166767502
G1 392 6.987287128712872 0.018820882143247616
G1 450 7.026485148514851 0.029314087035656605
G1 512 7.033059405940594 0.04302708201481962
G1 648 7.066881188118812 0.01917231997718898
G1 722 7.052287128712871 0.022320522040322092
G1 800 7.038346534653465 0.00906469596132636
G1 882 7.0554455445544555 0.00975958528578419
G1 968 7.076039603960396 0.008610366765799507
G1 1058 7.142881188118812 0.04600484477285255
G1 1152 7.120435643564356 0.010333843274971949
G1 1458 7.134910891089109 0.00986113483317305
G1 1682 7.1536930693069305 0.012957424569919357
G1 1922 7.167574257425742 0.022268518825756454
G1 2178 7.288207920792079 0.03227051807197498
