G2 50 0.1885115511551155 0.01175969510841605
G2 72 0.23903960396039603 0.014680965977463031
G2 98 0.3196930693069307 0.020192816853244887
G2 128 0.42323102310231026 0.022351483970975226
G2 162 0.47692409240924094 0.0192877525327931
G2 200 0.6067821782178218 0.015759450428832443
G2 242 0.6613894389438945 0.015952334443193106
G2 288 0.7346039603960396 0.018169226152076872
G2 338 0.7992772277227723 0.013277066927462352
G2 392 0.8622128712871288 0.023701275920758106
G2 450 0.894996699669967 0.01514991275953179
G2 512 0.9278679867986799 0.021984997855397006
G2 648 0.9622640264026402 0.009793036769300089
G2 722 0.974036303630363 0.008024094646804767
