G1 72 0.05665566556655666 0.017801156249913172
G1 98 0.02412303085978701 0.01747758223554638
G1 128 0.02764026402640264 0.004657081111924009
G1 162 0.031937355226205846 0.006382581058165029
G1 200 0.03870839345241057 0.005571688365827047
G1 242 0.037816852224641546 0.011846564002270998
G1 288 0.03900233773377338 0.004462935539472569
G1 338 0.013338425830713636 0.004167647268353791
G1 392 0.0297029702970297 0.0031079154595370665
G1 450 0.024752475247524754 0.01291639216704018
G1 512 0.03643254950495049 0.010824460717942987
G1 648 0.04285081285906368 0.00135981187138602
G1 722 0.034811606160616064 0.00204124936586796
G1 800 0.054344059405940594 0.00226104275864824
G1 882 0.042908036547128034 0.00133360109648638
G1 968 0.043797561574339255 0.008261982075925337
G1 1058 0.053476587015371356 0.0009703051954912908
G1 1152 0.04743364961496149 0.004009221800745964
G1 1458 0.03494227253885306 0.005223506610285409
G1 1682 0.042525370919007426 0.0038521794557785684
G1 1922 0.04512229116550862 0.003757908854461362
G1 2178 0.042249993168590086 0.0015205660673647992
