G2 50 0.09166835050852024 0.012633458221072475
G2 72 0.04606710671067107 0.0188368194572332
G2 98 0.1079922425232214 0.010834643172299005
G2 128 0.02910994224422442 0.005399649667547817
G2 162 0.07832646618699136 0.018203693148154416
G2 200 0.02268769590526892 0.0035169708262926527
G2 242 0.06848527176369089 0.012239703423774641
G2 288 0.04086450311697836 0.014562168713100121
G2 338 0.05462682766793 0.007996705552484315
G2 392 0.04591836734693878 0.0026688689230663747
G2 450 0.056950906671958956 0.005780289890960977
G2 512 0.054507013201320134 0.01552826197439354
G2 648 0.04931141262274375 0.009475339407965567
G2 722 0.061707004033736704 0.007214322010673618
