G1 72 0.604307332251167 0.07488668144673657
G1 98 0.5495319073493911 0.07472937245829787
G1 128 0.5595247646570997 0.06255347798312026
G1 162 0.6766668192240103 0.09456937677639436
G1 200 0.6007225968904415 0.04287943027021319
G1 242 0.6335706780621582 0.0481033152948978
G1 288 0.6083414128332508 0.03294765702720376
G1 338 0.5702721430547049 0.03642584724579192
G1 392 0.5922104941696313 0.04653614362315203
G1 450 0.6308173351670043 0.03666701192714109
G1 512 0.6589139115895539 0.06052323621146057
G1 648 0.6053288859531826 0.023581179821483975
G1 722 0.6022742853516153 0.06419642711987344
G1 800 0.6550007907555396 0.02831255789831612
G1 882 0.6320413035806652 0.02129463485839094
G1 968 0.6630724725798478 0.04921991072305039
G1 1058 0.6314291764139006 0.028700497201426225
G1 1152 0.6640463522280283 0.03204582906273183
G1 1458 0.6280303217213821 0.031308295099414095
G1 1682 0.6151933965013228 0.0257832045284129
G1 1922 0.7682706733459969 0.04712398318952425
G1 2178 0.8643783411665021 0.04326017188483594
