G1 72 5.364418635988598 0.22555234986633532
G1 127 4.30110422469215 0.14545721784946677
G1 162 3.7456419628664475 0.08021026773342056
G1 199 3.396564895450094 0.06903142124340253
G1 200 3.487099371122878 0.08131776802229831
G1 241 3.0980955615286487 0.0646403053766219
G1 288 2.9750428317451405 0.07533288764459259
G1 338 2.6878759919228137 0.044578693025266146
G1 392 2.5041190806650513 0.03158736015187572
G1 449 2.314608465215863 0.02760344814136766
G1 512 2.1988793853862947 0.03997654958145493
G1 648 1.9960405919278865 0.0280502944407562
G1 722 1.8797699461792827 0.030019738432720607
G1 800 1.7925909335855186 0.020299214696354314
G1 882 1.702497970331723 0.013563554241246193
