G2 50 0.7960774615466705 0.002204394483312125
G2 72 0.7967125250041156 0.0019342712385008566
G2 98 0.7957697964153122 0.0011597739039881014
G2 128 0.7976961926267984 0.002295396662246161
G2 162 0.7966201022089724 0.0021650648422411093
G2 200 0.7976553534578774 0.0017578611163914164
G2 242 0.7972682761819191 0.0012922847066124416
G2 288 0.7975982989851808 0.002609578245105649
G2 338 0.7984339382057754 0.0016507984361863954
G2 392 0.7964150730909829 0.001394802903508017
G2 450 0.7985366989011324 0.0019598904420626505
G2 512 0.7991368205134768 0.0032493634342928603
G2 648 0.7995504115868307 0.0033224740878923706
G2 722 0.7985671498662033 0.002208041973259912
