G1 72 4.902013497992222 0.28191509291480044 0.7902638099497514 0.012229383244950475
G1 98 4.17892483400916 0.1735492288950154 0.7893233639844193 0.010963006161630007
G1 128 3.763265400254056 0.14539148708438754 0.7883906491787647 0.009583767474538048
G1 162 3.550240713566266 0.12788539615317865 0.7899253421094984 0.008690584630696552
G1 200 3.1887941213568527 0.09419492968159675 0.7886410482536734 0.0076462789709862335
G1 242 2.9461045086653344 0.06848485106318297 0.7903099663608383 0.006926264979268935
G1 288 2.7015744476045387 0.07851556219322448 0.7890476446596028 0.006143206308323915
G1 338 2.4321982197656378 0.04956047650772526 0.7900044720879869 0.010334697900920342
G1 392 2.326046037439474 0.04056618754240909 0.7895608636595349 0.005271710206976771
G1 450 2.299226259196025 0.03904803125470965 0.7888719336312592 0.0053630045376135286
G1 512 2.1266382620479676 0.03596572275681124 0.7891742186474014 0.004463954511990069
G1 648 1.866770667883903 0.03069414906123401 0.7882087496986613 0.00392331042578063
G1 722 1.8059497973141743 0.029810864667700037 0.792025542931186 0.01741901416402145
G1 800 1.7181215404798658 0.023906173963432874 0.7886411988523596 0.003370310399611287
G1 882 1.6482080653314521 0.017743158111763205 0.7890377891657812 0.0035820166098786527
G1 968 1.5865764232986053 0.025263003286473608 0.7877058201344445 0.0034592974044874536
G1 1058 1.5740254711867903 0.021293954382047165 0.7889745810783683 0.0034437333858149954
G1 1152 1.4592201762378607 0.020260895060900824 0.7893821675014565 0.006270891162151618
G1 1458 1.3519023141271052 0.014257549909358559 0.7893743637201063 0.009938896946402606
G1 1682 1.2575479619774033 0.01221479792530016 0.7880841207185407 0.00309220955579095
G1 1922 1.1967257115312613 0.01661808423907833 0.7886431833417107 0.00690789373824219
G1 2178 1.1518006073417153 0.01143474691358922 0.7965415168879718 0.022461556455680994
