G1 72 10.908382838283828 0.0657124881223403
G1 98 10.909247524752475 0.0552438434328238
G1 128 10.887620462046204 0.03583420953915044
G1 162 10.901353135313531 0.02696129274279011
G1 200 10.879861386138614 0.042360412694344374
G1 242 10.889633663366336 0.05742990064422467
G1 288 10.841188118811882 0.008617594949414937
G1 338 10.893366336633663 0.034107883500171
G1 392 10.888341584158416 0.03995628399030339
G1 450 10.941618811881188 0.09976394149421898
G1 512 10.932945544554455 0.04510057312793437
G1 648 10.856173267326733 0.01871877973171861
G1 722 10.906094059405941 0.04910559304210012
G1 800 10.829990099009901 0.014642742263322852
G1 882 10.853148514851485 0.011737449585505298
G1 968 10.916336633663366 0.06966409078251473
G1 1058 10.87990099009901 0.032451966026881884
G1 1152 10.894 0.023072061026271486
G1 1458 11.019029702970297 0.022017472809359687
G1 1682 10.961445544554456 0.0305916574403953
G1 1922 10.985950495049504 0.05046669718490083
G1 2178 10.927415841584159 0.03044150696885172
