G2 50 3.8568877887788777 0.04719475588285905
G2 72 3.8908118811881187 0.06196014011130601
G2 98 3.8310429042904293 0.02492069821421922
G2 128 3.873227722772277 0.040107442090243396
G2 162 3.867993399339934 0.05292879093583562
G2 200 3.8481237623762374 0.06161580150196319
G2 242 3.8511056105610564 0.03648308237448144
G2 288 3.846247524752475 0.0814647454656714
G2 338 3.851003300330033 0.034781198615792736
G2 392 3.813920792079208 0.0300403321484366
G2 450 3.853089108910891 0.0632677636249615
G2 512 3.8514587458745875 0.08761636036563022
G2 648 3.8698547854785477 0.09116565975417551
G2 722 3.8437458745874586 0.04361015710199905
