G1 72 3.8587722772277226 0.060178192545490145
G1 98 3.869795379537954 0.07267293404575775
G1 128 3.871986798679868 0.04945430519145193
G1 162 3.8972574257425743 0.05490069061894713
G1 200 3.852894389438944 0.036279572110532544
G1 242 3.8594356435643564 0.03171182927947287
G1 288 3.810009900990099 0.012523009707312922
G1 338 3.8400346534653464 0.02306240262967938
G1 392 3.9010544554455446 0.02786806165931278
G1 450 3.9151336633663365 0.0734294730871485
G1 512 3.8998861386138612 0.030387086579444573
G1 648 3.7892920792079208 0.012794154317895058
G1 722 3.8538069306930693 0.06422021621445993
G1 800 3.7916435643564355 0.01610129445629506
G1 882 3.79770297029703 0.011901717988975855
G1 968 3.8402970297029704 0.06502561719114326
G1 1058 3.737019801980198 0.024542200471033487
G1 1152 3.7735643564356436 0.022633345241737386
G1 1458 3.884118811881188 0.02249234853398501
G1 1682 3.8077524752475247 0.029240863852011648
G1 1922 3.818376237623762 0.04865076597241782
G1 2178 3.6392079207920793 0.0313593102065983
