G1 72 1682.2675529834462 6.762186722940747
G1 127 1691.5376263631058 15.596975846876031
G1 162 1693.9945459774021 27.298472073178335
G1 199 1700.3940294368688 21.104417784255617
G1 200 1677.7310957817547 16.775819836219434
G1 241 1690.799867686561 10.527026329335461
G1 288 1703.5151769113143 13.448583941907865
G1 338 1698.9129466377863 11.47571528460652
G1 392 1706.059671651927 16.576103297152258
G1 449 1695.1007130190749 13.297248544825264
G1 512 1681.9774960730285 16.616039727006214
G1 648 1681.3334065498393 18.189816625824633
G1 722 1692.5002802269332 16.060134714223306
G1 800 1696.9852571390456 8.038536332639042
G1 882 1674.2617682625319 13.361296240632026
