G1 72 4.902013497992222 0.28191509291480044
G1 98 4.17892483400916 0.1735492288950154
G1 128 3.763265400254056 0.14539148708438754
G1 162 3.550240713566266 0.12788539615317865
G1 200 3.1887941213568527 0.09419492968159675
G1 242 2.9461045086653344 0.06848485106318297
G1 288 2.7015744476045387 0.07851556219322448
G1 338 2.4321982197656378 0.04956047650772526
G1 392 2.326046037439474 0.04056618754240909
G1 450 2.299226259196025 0.03904803125470965
G1 512 2.1266382620479676 0.03596572275681124
G1 648 1.866770667883903 0.03069414906123401
G1 722 1.8059497973141743 0.029810864667700037
G1 800 1.7181215404798658 0.023906173963432874
G1 882 1.6482080653314521 0.017743158111763205
G1 968 1.5865764232986053 0.025263003286473608
G1 1058 1.5740254711867903 0.021293954382047165
G1 1152 1.4592201762378607 0.020260895060900824
G1 1458 1.3519023141271052 0.014257549909358559
G1 1682 1.2575479619774033 0.01221479792530016
G1 1922 1.1967257115312613 0.01661808423907833
G1 2178 1.1518006073417153 0.01143474691358922
