G1 72 0.4622928389514505 0.08837502983832254 0.7963905000392794 0.012838138192501543
G1 127 0.5583904591245249 0.10887302622302457 0.7959955397645232 0.009940802667589758
G1 162 0.4689299830229438 0.04864109052199118 0.7981673654389906 0.021905956140098357
G1 199 0.48870673343117804 0.0678174266122858 0.8022014666558944 0.03498164033558701
G1 200 0.5230333033516367 0.07325100262086338 0.7959129477810097 0.007687322247724187
G1 241 0.5290982131953663 0.0376480224934163 0.79624701151045 0.015510520697827249
G1 288 0.586411250012545 0.06074741487406637 0.7952838798295273 0.006402638454538796
G1 338 0.5997138546419991 0.03140693115802905 0.7959434314090429 0.01075627339078657
G1 392 0.6151471051305789 0.03386574579537452 0.7933461354862237 0.005019092222193961
G1 449 0.6414952643453965 0.03218833544738722 0.7927554276625136 0.008326459606320268
G1 512 0.7085161301683761 0.03165543548414629 0.7920033038441576 0.004566347165733067
G1 648 0.8164291855033285 0.040390848964904275 0.7918787978486501 0.013569629706922407
G1 722 0.8144183769244255 0.030899568590236973 0.7887132663251515 0.005211257658869664
G1 800 0.866406718693468 0.020676191418391276 0.7869961673289516 0.003606980752511447
G1 882 0.8991158469857015 0.02200632686681986 0.78542065955949 0.00372774994469468
