G2 50 0.8044642220541658 0.13701989478590113 1.4122996708334712 0.02066499984423551
G2 98 0.8956757103013006 0.09325720024993557 1.4182632428729198 0.07716048020156471
G2 128 0.9292255521402397 0.09484183671853978 1.4045349111143741 0.026034462665011093
G2 162 0.9237782215243847 0.06783055123818023 1.3951880178832223 0.011878399538758772
G2 200 0.9756904810021635 0.03925308636677269 1.3880136623395065 0.01397489434890538
G2 241 1.0271564537918554 0.04014880236874125 1.3833297968110425 0.01820044156595406
G2 288 1.1276623923234683 0.047389872429260294 1.3904303895324746 0.04399418780444712
G2 392 1.1871157876638825 0.03778288224530385 1.3651987598897477 0.015021367451351858
G2 450 1.2179381841351733 0.031044939574986507 1.356379453175572 0.010368356546933882
G2 512 1.3500647432585315 0.07764137761750915 1.3555369743011036 0.012933405039827891
