G1 72 7.0394678217821784 0.010229449735626926
G1 127 7.0274851485148515 0.025882580386655536
G1 162 7.030924092409241 0.03892628685557223
G1 199 7.026160606060606 0.014919285155140245
G1 200 6.991366336633663 0.026374928933940407
G1 241 7.028415841584159 0.03325598655463015
G1 288 7.0856765676567655 0.010381195370432222
G1 338 7.049709570957096 0.016894730775037756
G1 392 7.0712112211221125 0.019789996958811066
G1 449 7.052158415841584 0.007199685832376436
G1 512 7.062705445544554 0.02833466902986107
G1 648 7.067210396039604 0.03462472030816202
G1 722 7.0735940594059405 0.025129709451722236
G1 800 7.095168316831683 0.009694399730700935
G1 882 7.057891089108911 0.011805846848150224
