G1 72 0.04527640264026402 0.00756973915239916
G1 127 0.05348855198019802 0.026263775195851685
G1 162 0.030297439681856383 0.01052083930070489
G1 199 0.02290239074158672 0.011467773958844648
G1 200 0.05323647942683716 0.01250801488614299
G1 241 0.019000862741875846 0.005156891852321796
G1 288 0.034046112944627796 0.013720452899989868
G1 338 0.0340805593912507 0.004693928848502331
G1 392 0.029223075368761366 0.0071871702447519345
G1 449 0.029107587818915523 0.004609615455508711
G1 512 0.04578724474009901 0.009049571292396048
G1 648 0.059596931915413764 0.01017259204993175
G1 722 0.03837321232123212 0.005277318360921843
G1 800 0.029170792079207922 0.0017524734994677188
G1 882 0.04596486890459761 0.003887934277500114
