G2 50 0.5185463956646735 0.04184255525933798
G2 72 0.5225183386565782 0.032983692297892955
G2 98 0.5164070150207669 0.028332737764406205
G2 128 0.5195196486288547 0.02442496622026306
G2 162 0.5134842073555337 0.024496190403243332
G2 200 0.5137591955844683 0.019127036585597067
G2 242 0.5033144112407943 0.017692049360761502
G2 288 0.5077787620396136 0.015827604252713588
G2 338 0.4982573015170622 0.014379728962074177
G2 392 0.4953909657390006 0.013596126543843921
G2 450 0.490063323533896 0.013281029216227539
G2 512 0.48118982867770266 0.012733130859292622
G2 648 0.4678516027830591 0.010874212813560396
G2 722 0.4577988301960214 0.009921409623701171
