G1 72 0.8805768181296141 0.03528656374736355
G1 98 0.8867540852781425 0.02885364137408864
G1 128 0.8839907849669221 0.0247483343981717
G1 162 0.8659348617239395 0.024388676204346912
G1 200 0.8787829600765422 0.02128136221498736
G1 242 0.8759899963573982 0.020678901361390677
G1 288 0.8727212708772111 0.01771403798970335
G1 338 0.8705104445361791 0.015845847166425224
G1 392 0.8633303621672177 0.016205971949417097
G1 450 0.8528810394669246 0.017671847096821763
G1 512 0.8431998230370502 0.014261189443078047
G1 648 0.846385697884787 0.012306410275712599
G1 722 0.8323169507025869 0.011278789660543053
G1 800 0.8247682834771083 0.011963144953045403
G1 882 0.8186719095950261 0.011630993498318502
G1 968 0.7985170082087792 0.014511795944150602
G1 1058 0.7906069621136448 0.011867087973142433
G1 1152 0.7726712467390833 0.011664556260914347
G1 1458 0.7200974017167757 0.012048110181639508
G1 1682 0.6650344669185733 0.012096809628139029
G1 1922 0.5717647273675758 0.011257127951712333
G1 2178 0.48332755282858736 0.01180175961100724
