G1 72 0.05444150485501041 0.025441687934300256
G1 98 0.08702029492500742 0.026027877634256888
G1 128 0.1019614169207205 0.025179506110903024
G1 162 0.12021432292553444 0.024239894858990703
G1 200 0.15020584760496125 0.023049900671977017
G1 242 0.17584290282908036 0.020727262719751737
G1 288 0.20815862698169765 0.023322442829986887
G1 338 0.26474656628072063 0.01789816784903996
G1 392 0.28535305128138627 0.017512904635618498
G1 450 0.29709811909865064 0.01663247949392396
G1 512 0.34472085710786055 0.017230621554837313
G1 648 0.420675172762827 0.015100359503809217
G1 722 0.4537766710176555 0.013012293661250592
G1 800 0.47659281640362844 0.012969800636947667
G1 882 0.5106995792441227 0.01054173734688799
G1 968 0.544166415555061 0.012404931983577044
G1 1058 0.5541676362421987 0.010004938585895426
G1 1152 0.5944819521104465 0.010546775657002174
G1 1458 0.6593456925295228 0.007534302424115382
G1 1682 0.7044339063999907 0.006855446813106568
G1 1922 0.7308053010270533 0.007680018678380032
G1 2178 0.7565800748194715 0.007521755274374713
