G2 50 0.0496339611506662 0.019396801644434095
G2 72 0.07875449377995726 0.01932542891298442
G2 98 0.08771293917608569 0.021857077652639396
G2 128 0.1414494216860539 0.019888756535995287
G2 162 0.16007658676512576 0.017660273524684036
G2 200 0.22153933235623469 0.019421531097576814
G2 242 0.25532666079004795 0.015604416454874624
G2 288 0.29984732382884255 0.019093404978006375
G2 338 0.33712232472661524 0.01178285835183066
G2 392 0.39733304427864174 0.012545352472120583
G2 450 0.4279728369481371 0.012548429432311702
G2 512 0.47598960217805175 0.015467718533346438
G2 648 0.5543973350393739 0.00946017505487538
G2 722 0.5937039292071974 0.009955220477436886
