G1 72 1.469160554457493 0.18635176491856822
G1 127 1.5494751945095155 0.10952542216391158
G1 162 1.6139720759754672 0.09446035207736078
G1 199 1.658110334232737 0.03135330557967298
G1 200 1.6000360571877248 0.061989775970713916
G1 241 1.7835777268238322 0.06909237897244845
G1 288 1.856168591738944 0.07675086091003264
G1 338 1.9998816914990203 0.060752510078026546
G1 392 1.9079084077479278 0.04741493532432899
G1 449 2.051757359747959 0.023314905298549064
G1 512 2.032204463381506 0.0699301786984887
G1 648 2.161187783309489 0.08149484964808257
G1 722 2.2591962319786316 0.06771839746247134
G1 800 2.1695451327113795 0.006710951958888783
G1 882 2.3727323944849164 0.017229231162437027
