G1 72 41.5973597359736 3.528914569529233
G1 98 56.28052805280528 4.394139352295196
G1 128 75.52475247524752 2.9192013085068704
G1 162 97.28382838283828 3.943974681502256
G1 200 116.23762376237623 3.43187777510717
G1 242 142.55445544554456 2.2437319991644893
G1 288 168.41584158415841 4.568478037242778
G1 338 213.1089108910891 4.477474834936846
G1 392 244.82673267326732 5.589139986516476
G1 450 263.1039603960396 13.741178415158931
G1 512 314.06435643564356 5.8480610242172
G1 648 391.3910891089109 6.4784771721163015
G1 722 434.019801980198 8.772390199446178
G1 800 479.0792079207921 4.068619343995778
G1 882 534.6831683168317 6.028151778230716
G1 968 608.2772277227723 6.0035303145419165
G1 1058 559.1980198019802 13.79856499928902
G1 1152 694.1683168316831 9.925793980262428
G1 1458 909.8217821782179 10.477018697705908
G1 1682 1054.4653465346535 7.2506059835515035
G1 1922 1178.1683168316831 32.70537243540599
G1 2178 1341.990099009901 39.95885259851813
