G1 72 0.14311138613861385 0.01100597487446594
G1 127 0.24487871287128712 0.012478374040177806
G1 162 0.3150759075907591 0.012905316698584744
G1 199 0.3791181818181818 0.011144313215667834
G1 200 0.369976897689769 0.013618360012007705
G1 241 0.4583712871287129 0.01547929914632032
G1 288 0.5098019801980198 0.01553506169158
G1 338 0.5778745874587459 0.016155210989973794
G1 392 0.6192376237623762 0.012916298432435091
G1 449 0.6721485148514852 0.015231471829792684
G1 512 0.7059950495049505 0.014516696137445415
G1 648 0.7676782178217822 0.01506447419992408
G1 722 0.7995371287128713 0.012030816826876428
G1 800 0.8253168316831683 0.011144443183101874
G1 882 0.8487029702970297 0.01019563098043025
