G1 72 0.7969654124669776 0.0028449166614882594
G1 98 0.797140656036477 0.0018167577378032358
G1 128 0.7966297238980157 0.0017477926842693649
G1 162 0.7976426467579285 0.0012663115850316995
G1 200 0.7962616402507137 0.0014057897935002206
G1 242 0.7961688419625279 0.0019577648640307487
G1 288 0.7955096975602947 0.0007232798325210345
G1 338 0.7966231973033614 0.0011432324256645874
G1 392 0.7969652485104115 0.0011937267301450427
G1 450 0.7984833620707792 0.0038522212070488883
G1 512 0.7984525511635189 0.0015057158079780277
G1 648 0.795813653543905 0.0009312424266354021
G1 722 0.7975894279656468 0.0027753713359418507
G1 800 0.7958007553203783 0.0009125037955036678
G1 882 0.7964305002143249 0.0008969089758837287
G1 968 0.7983706500302004 0.002702184693359981
G1 1058 0.79631952400696 0.0010783561190097228
G1 1152 0.7980465085764172 0.0012071176068120062
G1 1458 0.8016443529844013 0.0013068023618529815
G1 1682 0.8003494989348298 0.0016596996919858722
G1 1922 0.8004663389375049 0.0018709821184673763
G1 2178 0.7985086023097573 0.0022153877489388034
