G2 50 7.018610561056105 0.017232731658464673
G2 72 6.986306930693069 0.028207914126858216
G2 98 7.019184818481849 0.022000876725834177
G2 128 7.041310231023102 0.011639001328860095
G2 162 7.004151815181518 0.01248244018288775
G2 200 7.067212871287129 0.033537967386103026
G2 242 7.028973597359736 0.01894570394425355
G2 288 7.037963696369637 0.017687931368391703
G2 338 7.061858085808581 0.013448072523669863
G2 392 7.02259900990099 0.02875618209994287
G2 450 7.041339933993399 0.026825286257132222
G2 512 7.0532310231023105 0.02841193133750819
G2 648 7.0316138613861385 0.01212023399635576
G2 722 7.022854785478548 0.023545335343276335
