G1 72 10.865371287128713 0.0159388025468361
G1 127 10.890465346534654 0.04034517675599733
G1 162 10.9033300330033 0.07493999800060071
G1 199 10.920524242424243 0.05147213682649216
G1 200 10.850402640264026 0.04511680491481146
G1 241 10.873680693069307 0.03727877040745397
G1 288 10.933973597359737 0.03216708185236805
G1 338 10.91214191419142 0.03521818923904777
G1 392 10.935937293729372 0.04571904585882399
G1 449 10.905168316831682 0.03897762320339311
G1 512 10.876730198019802 0.049186422897780455
G1 648 10.86499504950495 0.05552438916196163
G1 722 10.888586633663365 0.047149568460478845
G1 800 10.892277227722772 0.0173517254541911
G1 882 10.830673267326732 0.03477099622124482
